











0000000000000000000000000000000000000000000000
0000000000000000000000000000000000000000000001
000000000000000000000000000000000000000000000





000000000000000000000000000000000000000000000
0000000000000000000000000000000000000000000001
0000000000000000000000000000000000000000000001
000000000000000000000000000000000000000000000





0000000000000000000000000000000000000000000000
0000000000000000000000000000000000000000000005
0000000000000000000000000000000000000000000006






000000000000000000000000000000000000000000000
0000000000000000000000000000000000000000000007
00000000000000000000000000000000000000000000011
0000000000000000000000000000000000000000000004
0000000000000000000000000000000000000000000001





0000000000000000000000000000000000000000000003
0000000000000000000000000000000000000000000006
0000000000000000000000000000000000000000000004
0000000000000000000000000000000000000000000001





000000000000000000000000000000000000000000000
0000000000000000000000000000000000000000000001
0000000000000000000000000000000000000000000001






























000000000000000000000000000000000000000000000



000000000000000000000000000000000000000000000
000000000000000000000000000000000000000000000
0000000000000000000000000000000000000000000000
0000000000000000000000000000000000000000000000
000000000000000000000000000000000000000000000
000000000000000000000000000000000000000000000




000000000000000000000000000000000000000000000
000000000000000000000000000000000000000000000
000000000000000000000000000000000000000000000
000000000000000000000000000000000000000000000




















00000000000000000000000000000000001
0000000000000000000000000000000000000000000003
0000000000000000000000000000000000000000000005
0000000000000000000000000000000000000000000005
0000000000000000000000000000000000000000000004
0000000000000000000000000000000000000000000005
0000000000000000000000000000000000000000000002



0000000000000000000000000000000000000000000001
0000000000000000000000000000000000000000000002
0000000000000000000000000000000000000000000003
0000000000000000000000000000000000000000000003
0000000000000000000000000000000000000000000002



















0000000000000000000000000000000000000005
0000000000000000000000000000000000000000000001
000000000000000000000000000000000000000000000
000000000000000000000000000000000000000000000
0000000000000000000000000000000000000000000001
0000000000000000000000000000000000000000000003
0000000000000000000000000000000000000000000005
0000000000000000000000000000000000000000000005
0000000000000000000000000000000000000000000004
0000000000000000000000000000000000000000000005
0000000000000000000000000000000000000000000002

000000000000000000000000000000000000000000000
000000000000000000000000000000000000000000000
0000000000000000000000000000000000000000000001
0000000000000000000000000000000000000000000002
0000000000000000000000000000000000000000000003
0000000000000000000000000000000000000000000003
0000000000000000000000000000000000000000000002
0000000000000000000000000000000000000000000000



000000000000000000000000000000000000000000000
000000000000000000000000000000000000000000000
000000000000000000000000000000000000000000000
000000000000000000000000000000000000000000000
000000000000000000000000000000000000000000000
000000000000000000000000000000000000000000000









